data/netcdf/wind.json
{"header": { "parameterNumberName":"eastward_wind", "parameterUnit":"m.s-1", "parameterNumber":2, "parameterCategory":2, "nx":48, "ny":49, "numberPoints":2352, "dx":0.08333344012498856, "dy":0.0833333358168602, "la1":-29.0, "lo1":112.00001525878906, "la2":-33.0, "lo2":115.91668701171875 }, "data":
[rows 20 to 39 of 49, columns 0 to 43 of 48]
-7.294971942901611,-7.938937187194824,-8.553666114807129,-9.085131645202637,-9.4721040725708,-9.68231201171875,-9.710121154785156,-9.56548023223877,-9.340536117553711,-9.148675918579102,-9.051481246948242,-9.06734561920166,-9.144407272338867,-9.185312271118164,-9.110591888427734,-8.81540584564209,-8.208454132080078,-7.415824890136719,-6.725793838500977,-6.389554023742676,-6.552839279174805,-6.974005222320557,-6.874358654022217,-5.638487339019775,-3.7454447746276855,-2.247249126434326,-1.6909550428390503,-1.5534157752990723,-1.326364278793335,-1.3494879007339478,-1.8176085948944092,-2.520456552505493,-2.7015953063964844,-1.5430691242218018,-0.6773849725723267,-1.2533657550811768,-1.6409661769866943,-1.7294020652770996,0.0,0.0,0.0,0.0,0.0,0.0
-8.672961235046387,-9.545689582824707,-10.425878524780273,-11.252521514892578,-11.936787605285645,-12.41801643371582,-12.670050621032715,-12.604082107543945,-12.184287071228027,-11.422070503234863,-10.356907844543457,-9.160710334777832,-8.067273139953613,-7.287859916687012,-6.9950079917907715,-7.119502544403076,-7.200929641723633,-6.902585506439209,-6.333876609802246,-5.806923866271973,-5.573459625244141,-5.393876552581787,-4.664436340332031,-3.3019022941589355,-1.902675747871399,-0.9405525922775269,-0.2768738567829132,0.5332525372505188,1.3174893856048584,1.5268690586090088,1.0948659181594849,0.01910843327641487,-1.5491793155670166,-3.037431478500366,-4.040948867797852,-3.9874844551086426,-2.733884334564209,-1.781187653541565,-1.4912981986999512,0.0,0.0,0.0,0.0,0.0
-7.265186786651611,-7.9189581871032715,-8.640951156616211,-9.406410217285156,-10.184188842773438,-10.95785903930664,-11.716071128845215,-12.36939525604248,-12.84074878692627,-13.065008163452148,-12.955618858337402,-12.428998947143555,-11.391376495361328,-9.81203556060791,-7.869271755218506,-5.97362756729126,-4.56041145324707,-3.91292142868042,-3.798947811126709,-3.5655250549316406,-3.082332134246826,-2.423072576522827,-1.461071252822876,-0.35111355781555176,0.587323784828186,1.282474398612976,1.9541221857070923,2.805649995803833,3.672410249710083,4.132898330688477,4.03663444519043,3.4531655311584473,2.6359786987304688,1.172613501548767,-0.655979573726654,-1.3351927995681763,-1.165736198425293,-1.0248992443084717,-0.7857006788253784,0.0,0.0,0.0,0.0,0.0
-5.830273151397705,-6.297133445739746,-6.843869209289551,-7.4112091064453125,-7.972924709320068,-8.535236358642578,-9.103346824645996,-9.67390251159668,-10.248388290405273,-10.815942764282227,-11.359186172485352,-11.832294464111328,-12.121240615844727,-12.032072067260742,-11.325945854187012,-9.79236888885498,-7.34157133102417,-4.334615707397461,-1.7562172412872314,-0.1849932223558426,0.6701904535293579,1.3722366094589233,2.253019332885742,3.2086875438690186,4.111197471618652,4.979516506195068,5.809193134307861,6.699206352233887,7.602479457855225,8.279839515686035,8.552845001220703,8.307236671447754,7.460191249847412,6.063887596130371,4.6866984367370605,3.427532196044922,2.100687026977539,0.8225100636482239,0.34489119052886963,0.5039106607437134,0.0,0.0,0.0,0.0
-5.388503551483154,-5.881372451782227,-6.365782737731934,-6.831112861633301,-7.2608747482299805,-7.6376495361328125,-7.964797019958496,-8.255146980285645,-8.525389671325684,-8.79637622833252,-9.09589672088623,-9.439884185791016,-9.816984176635742,-10.180749893188477,-10.4423246383667,-10.428236961364746,-9.791749954223633,-8.125850677490234,-5.25789737701416,-1.6207146644592285,1.8406486511230469,4.2859039306640625,5.7913641929626465,6.919970512390137,7.861523628234863,8.723047256469727,9.393187522888184,9.79310417175293,9.84577751159668,9.484129905700684,8.872407913208008,8.335613250732422,7.862748622894287,7.3252177238464355,6.707575798034668,5.993865013122559,4.50180196762085,2.5621912479400635,1.3043893575668335,0.8681259155273438,0.8769481778144836,0.0,0.0,0.0
-4.833154201507568,-5.3349609375,-5.814334869384766,-6.258469581604004,-6.6290740966796875,-6.912479877471924,-7.119813919067383,-7.2553911209106445,-7.331089973449707,-7.389716148376465,-7.481542110443115,-7.640726089477539,-7.886846542358398,-8.198843955993652,-8.533448219299316,-8.82508659362793,-8.89065933227539,-8.454486846923828,-7.185563564300537,-5.048094749450684,-2.3259434700012207,1.0888311862945557,4.081752777099609,5.356505393981934,5.41762113571167,4.853643417358398,3.9697554111480713,3.1401162147521973,2.6117100715637207,2.5353293418884277,2.7532806396484375,2.9498376846313477,3.057079315185547,3.7132134437561035,4.022314071655273,4.276484966278076,3.865196704864502,2.314236640930176,1.4572190046310425,1.0905392169952393,0.8459039926528931,0.0,0.0,0.0
-3.737961769104004,-4.202383995056152,-4.657978057861328,-5.094018936157227,-5.485479831695557,-5.819854736328125,-6.088054656982422,-6.263884544372559,-6.334383964538574,-6.3097758293151855,-6.228161811828613,-6.155337810516357,-6.1747589111328125,-6.374371528625488,-6.763493537902832,-7.248754501342773,-7.662090301513672,-7.778863430023193,-7.146685600280762,-5.422371864318848,-3.3748183250427246,-1.7399256229400635,0.1510629504919052,1.1951450109481812,0.837955117225647,0.8866139650344849,1.4736722707748413,2.02994966506958,2.414447546005249,2.5730676651000977,2.8298912048339844,2.8606202602386475,2.434096097946167,2.7456307411193848,2.54516339302063,3.0173072814941406,3.1368460655212402,1.7534232139587402,1.4895868301391602,1.084885597229004,0.8280315399169922,0.9231147170066833,0.0,0.0
-2.1591897010803223,-2.5698442459106445,-2.99261474609375,-3.3993184566497803,-3.7657344341278076,-4.11294412612915,-4.45809268951416,-4.756565570831299,-4.96101188659668,-5.068089485168457,-5.067868232727051,-4.961113929748535,-4.823373794555664,-4.806253910064697,-5.018165588378906,-5.448338508605957,-6.015505313873291,-6.558468818664551,-6.683072566986084,-5.770278453826904,-3.8962979316711426,-2.0786850452423096,-0.5256981253623962,0.48185083270072937,0.9543911218643188,1.523681402206421,2.0122263431549072,2.3329079151153564,2.465193510055542,2.348365545272827,2.4391403198242188,2.2393407821655273,2.218076229095459,2.5810861587524414,1.921843409538269,2.570634126663208,2.826396942138672,1.5708504915237427,1.4442417621612549,1.5345853567123413,1.3029773235321045,0.8650578260421753,0.0,0.0
0.017900768667459488,-0.2925845682621002,-0.6153231263160706,-0.9667168855667114,-1.3077409267425537,-1.6646521091461182,-2.056030750274658,-2.4244258403778076,-2.744382381439209,-3.0450856685638428,-3.2817699909210205,-3.3714346885681152,-3.343301296234131,-3.3084356784820557,-3.4209609031677246,-3.752565383911133,-4.242424011230469,-4.8414764404296875,-5.419549942016602,-5.390177249908447,-4.247775554656982,-2.5227179527282715,-1.1749802827835083,0.0888686254620552,1.3287628889083862,1.9881008863449097,2.4111154079437256,2.74094295501709,2.874925374984741,2.7638049125671387,2.684746742248535,2.512035608291626,2.5534257888793945,2.073920488357544,1.7272816896438599,2.654677629470825,2.396812677383423,1.2125978469848633,1.0543380975723267,1.429337739944458,1.1762847900390625,0.8971878886222839,0.9249330759048462,0.0
2.5450193881988525,2.3863015174865723,2.1874022483825684,1.931915283203125,1.629024624824524,1.2403985261917114,0.7764090299606323,0.33527737855911255,-0.04605559632182121,-0.446877121925354,-0.8548704385757446,-1.2005060911178589,-1.4797931909561157,-1.6806989908218384,-1.8599309921264648,-2.1714863777160645,-2.649040699005127,-3.172936201095581,-3.7265210151672363,-4.102565765380859,-3.7328953742980957,-2.504587173461914,-1.0110459327697754,0.26889899373054504,1.1845277547836304,1.803288221359253,2.4632575511932373,3.042170763015747,3.297630548477173,3.236332416534424,3.0262672901153564,2.6441993713378906,2.4132232666015625,1.5951228141784668,1.7382948398590088,2.6996593475341797,2.065045118331909,1.0375148057937622,0.739668071269989,1.046974539756775,1.3167784214019775,1.194061279296875,0.8815377950668335,0.0
5.167985439300537,5.134804725646973,5.04847526550293,4.901729106903076,4.674948692321777,4.3290934562683105,3.8747451305389404,3.348362445831299,2.793001890182495,2.2574334144592285,1.7483749389648438,1.2301136255264282,0.6843861937522888,0.14381100237369537,-0.31573939323425293,-0.7410597801208496,-1.2186027765274048,-1.6804661750793457,-2.0881452560424805,-2.457677125930786,-2.3600974082946777,-1.8085451126098633,-0.8815938234329224,-0.21476995944976807,0.4746551811695099,1.7619023323059082,2.92704701423645,3.660202980041504,3.8507285118103027,3.6412367820739746,3.2358407974243164,2.654831886291504,2.1041135787963867,1.4232200384140015,1.526189923286438,2.214108943939209,1.5470765829086304,0.6329870223999023,0.4960590600967407,0.8399453163146973,1.263318657875061,1.173658013343811,0.9690954685211182,0.9585381150245667
7.343500137329102,7.492623329162598,7.561790943145752,7.535655975341797,7.405817985534668,7.14749813079834,6.745149612426758,6.207941055297852,5.573703765869141,4.902951240539551,4.205236434936523,3.44993257522583,2.6459100246429443,1.8517701625823975,1.1541061401367188,0.5691962242126465,0.05042940378189087,-0.38827067613601685,-0.6994848847389221,-0.9637746810913086,-0.7791702747344971,-0.5856727361679077,-0.40737733244895935,0.14505675435066223,1.1200586557388306,2.360161304473877,3.3760323524475098,3.8587687015533447,3.6689205169677734,3.2341625690460205,2.697573661804199,2.0861239433288574,1.436343789100647,1.178412675857544,0.9810417890548706,0.8211163282394409,0.1363709270954132,-0.15345105528831482,0.4348643124103546,0.9116661548614502,1.406920075416565,1.413018822669983,1.1242514848709106,0.9213508367538452
8.997811317443848,9.168794631958008,9.315302848815918,9.38158893585205,9.341070175170898,9.166908264160156,8.82986068725586,8.334073066711426,7.703149795532227,6.958093166351318,6.108893871307373,5.175753116607666,4.207945823669434,3.2651448249816895,2.4387857913970947,1.7505297660827637,1.1637070178985596,0.7340545058250427,0.5082355737686157,0.3580528795719147,0.6236211061477661,0.5171029567718506,-0.02832695096731186,0.3199850916862488,1.2808431386947632,2.1916964054107666,2.914571762084961,2.8824357986450195,2.2712931632995605,1.8851234912872314,1.6046960353851318,1.2971022129058838,0.7263230085372925,0.6626724004745483,-0.0038373915012925863,-1.122663974761963,-1.7974438667297363,-1.0945136547088623,0.5073567628860474,0.9135926365852356,1.017014741897583,1.0239834785461426,0.8715656399726868,0.7932973504066467
11.452627182006836,11.305779457092285,11.227590560913086,11.160841941833496,11.058500289916992,10.872076988220215,10.553460121154785,10.078774452209473,9.433436393737793,8.61988639831543,7.671990871429443,6.647000789642334,5.594926834106445,4.578132152557373,3.6864235401153564,2.936306953430176,2.3385815620422363,1.9215589761734009,1.6851463317871094,1.5410398244857788,1.8246803283691406,1.4645838737487793,0.1571837067604065,0.08659877628087997,0.9005159735679626,1.3376282453536987,1.5047845840454102,0.9530630707740784,0.3925611972808838,0.24511007964611053,-0.06817227602005005,-0.336473286151886,-0.6757623553276062,-0.3017973303794861,-1.0198431015014648,-2.8402233123779297,-3.4340360164642334,-1.852139949798584,-0.25544610619544983,-0.08059870451688766,0.6385617852210999,1.0904815196990967,0.9375500082969666,0.7056281566619873
14.974493026733398,14.823442459106445,14.597844123840332,14.34461784362793,14.055452346801758,13.708633422851562,13.277177810668945,12.717523574829102,11.991655349731445,11.074299812316895,9.9998779296875,8.830205917358398,7.61298131942749,6.453319549560547,5.453976631164551,4.636420249938965,3.9903078079223633,3.482598066329956,3.0948400497436523,2.815371036529541,2.9704487323760986,2.099358558654785,0.07883286476135254,-0.3792691230773926,0.08925958722829819,-0.02955474704504013,-0.4132656753063202,-1.031040072441101,-1.2492395639419556,-1.136633038520813,-1.2294631004333496,-1.3479703664779663,-1.378145456314087,-1.1647303104400635,-2.6832165718078613,-4.83812952041626,-4.003430366516113,-1.7257846593856812,-0.707984209060669,-0.19123709201812744,0.19029909372329712,0.27095136046409607,0.3665562868118286,0.35239362716674805
14.347269058227539,15.418915748596191,16.168996810913086,16.63300895690918,16.850902557373047,16.865650177001953,16.709632873535156,16.378963470458984,15.820636749267578,14.975768089294434,13.846158027648926,12.487383842468262,10.997430801391602,9.531596183776855,8.236809730529785,7.136242866516113,6.208652496337891,5.366983413696289,4.567736625671387,3.9258031845092773,3.7463929653167725,2.2469656467437744,-0.2552779018878937,-0.9701048731803894,-0.8476121425628662,-1.242581844329834,-1.8510605096817017,-2.4475364685058594,-2.8176698684692383,-2.935490608215332,-2.8656041622161865,-2.7424168586730957,-2.7885639667510986,-3.573355197906494,-5.410826206207275,-5.703489780426025,-3.0937695503234863,-1.0734703540802002,-0.5584946274757385,-0.11210232228040695,-0.5154979228973389,-0.8461751937866211,-0.5157291889190674,-0.020880689844489098
7.955235481262207,9.335002899169922,10.655426979064941,11.819705963134766,12.815816879272461,13.661062240600586,14.382017135620117,14.961048126220703,15.333297729492188,15.415872573852539,15.121255874633789,14.429593086242676,13.367552757263184,12.069032669067383,10.723010063171387,9.416006088256836,8.163467407226562,6.863343715667725,5.548171520233154,4.5294294357299805,3.9799580574035645,1.9070894718170166,-0.8659685850143433,-1.7352973222732544,-1.9029920101165771,-2.309195041656494,-2.7817223072052,-3.1113169193267822,-3.267972230911255,-3.4271717071533203,-3.8699424266815186,-4.522679805755615,-5.282026290893555,-6.2674360275268555,-6.428417205810547,-4.536511421203613,-1.758392572402954,-0.1888493001461029,0.23723281919956207,0.2487209290266037,0.15417462587356567,0.017812177538871765,-0.21091164648532867,-0.11677058041095734
4.431833267211914,4.544675827026367,4.728843688964844,4.989408016204834,5.369492530822754,5.881473541259766,6.526279449462891,7.296028137207031,8.145004272460938,9.01445198059082,9.783294677734375,10.325387954711914,10.525189399719238,10.35058879852295,9.840742111206055,9.019356727600098,7.950535297393799,6.66792106628418,5.334785461425781,4.359370231628418,3.734048843383789,1.434457540512085,-1.4279558658599854,-2.5847387313842773,-3.3472418785095215,-4.327491760253906,-5.314249515533447,-6.040780067443848,-6.457076549530029,-6.789043426513672,-7.120585918426514,-7.34476375579834,-7.4102983474731445,-6.939730644226074,-5.283089637756348,-2.751441478729248,-0.8640207052230835,0.21933691203594208,0.6997960805892944,0.591880738735199,0.7812130451202393,0.9917553663253784,0.7623815536499023,0.242560476064682
3.0244407653808594,2.920226573944092,2.8678643703460693,2.8834753036499023,2.978754997253418,3.1133053302764893,3.2694525718688965,3.507803440093994,3.8972020149230957,4.412869930267334,5.0167388916015625,5.680429458618164,6.316067695617676,6.791839122772217,7.001101493835449,6.829919338226318,6.293619155883789,5.432682991027832,4.505364418029785,3.939000368118286,3.3933327198028564,1.0884321928024292,-1.679481029510498,-3.151249885559082,-4.634362697601318,-6.558581352233887,-8.507135391235352,-9.873620986938477,-10.456551551818848,-10.406817436218262,-9.89121150970459,-8.950827598571777,-7.609604835510254,-5.708199501037598,-3.36527681350708,-1.3800458908081055,-0.7527217864990234,-0.6542045474052429,-0.34693077206611633,0.07986821234226227,-0.10601939260959625,-0.06919834017753601,0.6737338900566101,0.9778311848640442
1.720971941947937,1.807714581489563,1.8901922702789307,1.960523009300232,2.024942398071289,2.08823561668396,2.1015095710754395,2.033886432647705,2.066455602645874,2.3025918006896973,2.61031174659729,2.9902145862579346,3.4677839279174805,3.9436542987823486,4.376555442810059,4.580254554748535,4.515997886657715,4.186709880828857,3.7884607315063477,3.6278984546661377,3.0621728897094727,1.0126688480377197,-1.2428100109100342,-2.7083561420440674,-4.307862281799316,-6.2317376136779785,-8.176339149475098,-9.639276504516602,-10.336455345153809,-10.213827133178711,-9.354369163513184,-7.815680980682373,-5.60748815536499,-2.851295232772827,-0.3548351526260376,0.5394565463066101,-0.040301959961652756,-0.728001058101654,-0.7146703600883484,-0.20475460588932037,-0.5940271615982056,-1.1505844593048096,-0.5146927237510681,0.3032101094722748
