data/netcdf/wind.json
{"header": { "parameterNumberName":"eastward_wind", "parameterUnit":"m.s-1", "parameterNumber":2, "parameterCategory":2, "nx":48, "ny":49, "numberPoints":2352, "dx":0.08333344012498856, "dy":0.0833333358168602, "la1":-29.0, "lo1":112.00001525878906, "la2":-33.0, "lo2":115.91668701171875 }, "data":
[rows 0 to 19 of 49, columns 0 to 43 of 48]
4.163107395172119,4.081996917724609,4.009756088256836,3.9089536666870117,3.7835464477539062,3.586479663848877,3.335658550262451,3.0347514152526855,2.6785385608673096,2.3599724769592285,1.9979190826416016,1.6478456258773804,1.3197433948516846,0.909404456615448,0.3980366587638855,-0.31996625661849976,-1.0693289041519165,-1.2948012351989746,0.17502693831920624,3.3340320587158203,5.463738918304443,4.8560075759887695,2.3745222091674805,0.4487000107765198,0.0654461532831192,0.12658946216106415,0.14427834749221802,0.12311305105686188,0.25146177411079407,0.42827698588371277,0.60040682554245,0.583094596862793,0.47557833790779114,0.43780940771102905,0.0,0.0,0.0,0.0,0.0,0.0,0.0,0.0,0.0,0.0
4.431935787200928,4.320224761962891,4.226376533508301,4.097219467163086,3.945652961730957,3.7356698513031006,3.4833216667175293,3.2146706581115723,2.886730670928955,2.5538010597229004,2.2412056922912598,1.9606380462646484,1.682431936264038,1.3834714889526367,0.9081999063491821,0.28750935196876526,-0.232227623462677,-1.1553895473480225,-1.6452466249465942,0.9545861482620239,4.665170669555664,5.957822322845459,4.766721725463867,2.141873836517334,0.2742975354194641,-0.24402856826782227,-0.19447235763072968,-0.03963332995772362,0.12051030248403549,0.38570576906204224,0.5755636692047119,0.6653968095779419,0.5309412479400635,0.3747892379760742,0.33425062894821167,0.0,0.0,0.0,0.0,0.0,0.0,0.0,0.0,0.0
4.480197429656982,4.419192790985107,4.322998046875,4.163130283355713,3.9864442348480225,3.7754664421081543,3.536418914794922,3.315829277038574,3.0504491329193115,2.7401957511901855,2.497279405593872,2.250417709350586,2.0176477432250977,1.8021700382232666,1.391675591468811,0.7156599760055542,-0.03744233772158623,-0.5811028480529785,-0.9577432870864868,-1.0866239070892334,1.257641315460205,4.711700439453125,5.648049831390381,3.945486068725586,1.3504953384399414,-0.2891453504562378,-0.7184035778045654,-0.37448757886886597,0.06253248453140259,0.2588273286819458,0.3530586063861847,0.4645809829235077,0.41261589527130127,0.3007510304450989,0.2320709526538849,0.0,0.0,0.0,0.0,0.0,0.0,0.0,0.0,0.0
4.5419840812683105,4.474827766418457,4.3542256355285645,4.20908260345459,4.087676048278809,3.9324262142181396,3.716670274734497,3.505178689956665,3.2640466690063477,2.9774489402770996,2.7356863021850586,2.494786024093628,2.277998685836792,2.1578946113586426,1.9715657234191895,1.4787969589233398,0.7394185066223145,-0.0610712468624115,-0.7322874069213867,-1.0016425848007202,-0.6072708368301392,1.6377745866775513,4.322005271911621,4.509577751159668,2.9247496128082275,1.1829077005386353,-0.0395253449678421,-0.2630082368850708,-0.004902534186840057,0.09626776725053787,0.16043142974376678,0.1994139552116394,0.1894233375787735,0.12625861167907715,0.030472852289676666,0.007256029173731804,0.0,0.0,0.0,0.0,0.0,0.0,0.0,0.0
4.672330856323242,4.55375862121582,4.491849422454834,4.5081329345703125,4.550471782684326,4.501389980316162,4.299572467803955,4.007750988006592,3.690767526626587,3.36015248298645,3.0849645137786865,2.851925849914551,2.591146945953369,2.457151174545288,2.469773292541504,2.2395520210266113,1.6456681489944458,0.8655527234077454,0.17306536436080933,-0.43780940771102905,-0.7119076251983643,-0.10567730665206909,1.9748039245605469,4.0282883644104,4.032325267791748,2.8736343383789062,1.3951457738876343,0.2715524435043335,-0.035567447543144226,-0.027989335358142853,-0.014410030096769333,-0.013778320513665676,-0.005074264016002417,-0.06480453908443451,-0.06320058554410934,0.023912694305181503,0.0,0.0,0.0,0.0,0.0,0.0,0.0,0.0
4.860668182373047,4.90032434463501,5.081001281738281,5.318048477172852,5.490781784057617,5.469325065612793,5.219735145568848,4.827232837677002,4.391110420227051,3.938847541809082,3.5494437217712402,3.26336669921875,2.9771506786346436,2.7721450328826904,2.785102367401123,2.7506680488586426,2.397320032119751,1.781530499458313,1.0783753395080566,0.4934704601764679,0.1899619698524475,0.1308002769947052,0.5597343444824219,2.5536491870880127,4.2854790687561035,4.164031505584717,2.668607711791992,0.8742952942848206,0.12799841165542603,-0.047657210379838943,-0.07097429037094116,-0.05545148625969887,0.0028107292018830776,0.16793237626552582,0.25702741742134094,0.1932997852563858,0.0,0.0,0.0,0.0,0.0,0.0,0.0,0.0
5.4202985763549805,5.820404052734375,6.188638210296631,6.343778610229492,6.36618185043335,6.220435619354248,5.876399040222168,5.43051290512085,4.963627815246582,4.482471466064453,4.040547847747803,3.703110694885254,3.3976311683654785,3.116028070449829,2.9841976165771484,2.9762721061706543,2.8466434478759766,2.4566638469696045,1.9213507175445557,1.387221097946167,0.9660178422927856,0.8287977576255798,0.9266590476036072,1.7435191869735718,3.512328863143921,4.5944504737854,3.890073537826538,1.9947807788848877,0.4921713173389435,0.010113896802067757,-0.06556690484285355,0.05046017840504646,0.22232235968112946,0.3215292692184448,0.29282164573669434,0.23230372369289398,0.0,0.0,0.0,0.0,0.0,0.0,0.0,0.0
6.497412204742432,6.896981239318848,6.790395736694336,6.271752834320068,5.8997907638549805,5.725470542907715,5.475754737854004,5.143410682678223,4.812018871307373,4.490694522857666,4.197771072387695,3.953862190246582,3.7069168090820312,3.4261598587036133,3.1823596954345703,3.074995517730713,3.003898859024048,2.76172137260437,2.4258878231048584,2.1028780937194824,1.8109581470489502,1.4739129543304443,1.498889446258545,1.3022615909576416,2.240734338760376,4.1279191970825195,4.224052906036377,2.8297016620635986,1.1521703004837036,0.3028295040130615,0.23239868879318237,0.304801881313324,0.1914840191602707,0.044165320694446564,0.04108767211437225,0.09976592659950256,0.0,0.0,0.0,0.0,0.0,0.0,0.0,0.0
7.108580589294434,6.510868072509766,4.854197025299072,3.231297016143799,2.7415945529937744,3.0988690853118896,3.482722043991089,3.6325552463531494,3.715730667114258,3.8226568698883057,3.921293020248413,3.96561598777771,3.879026412963867,3.6148574352264404,3.3073484897613525,3.1429667472839355,3.0880210399627686,2.9624109268188477,2.816663980484009,2.6896989345550537,2.5174973011016846,2.1379239559173584,1.8637019395828247,1.8103604316711426,2.1592471599578857,3.3033347129821777,3.751741647720337,3.0803494453430176,1.8272150754928589,0.8907179832458496,0.8027559518814087,0.7491416931152344,0.5569451451301575,0.17652800679206848,-0.0008104624575935304,0.07839091122150421,0.0,0.0,0.0,0.0,0.0,0.0,0.0,0.0
4.859928131103516,2.2063300609588623,-1.0838176012039185,-1.834686517715454,-0.7177873849868774,0.42987072467803955,1.603232741355896,2.4352641105651855,2.9739365577697754,3.3664984703063965,3.624600887298584,3.688661813735962,3.5407161712646484,3.3108620643615723,3.0977299213409424,2.995900869369507,3.090618848800659,3.2004573345184326,3.261817455291748,3.272364377975464,3.225954055786133,2.907097101211548,2.393773078918457,2.2908987998962402,2.0425777435302734,2.307328224182129,2.8910093307495117,2.60136342048645,1.8258458375930786,1.1843948364257812,0.9610631465911865,0.7759149074554443,0.6584025025367737,0.4561043381690979,0.24381563067436218,0.2068660855293274,0.0,0.0,0.0,0.0,0.0,0.0,0.0,0.0
-1.0591950416564941,-2.806663990020752,-3.2070555686950684,-2.129746913909912,-1.2177672386169434,-0.6927711367607117,-0.19535362720489502,0.5237084031105042,1.402935266494751,2.1659328937530518,2.655738353729248,2.92386531829834,3.063817024230957,3.1237831115722656,3.140287160873413,3.1906399726867676,3.396199941635132,3.6813907623291016,3.923966646194458,4.046089172363281,4.035621166229248,3.691071033477783,2.9601786136627197,2.5767717361450195,2.044729232788086,1.6446473598480225,1.903329849243164,1.7313085794448853,1.1665196418762207,0.5222882032394409,0.12876726686954498,-0.011080801486968994,0.03490910306572914,0.2738814651966095,0.3476342558860779,0.30677688121795654,0.0,0.0,0.0,0.0,0.0,0.0,0.0,0.0
-3.1909844875335693,-2.1445696353912354,-0.8443475365638733,0.3176741600036621,1.223950743675232,1.6597683429718018,1.8939435482025146,2.142791509628296,2.4295358657836914,2.7575225830078125,3.1210315227508545,3.4186651706695557,3.641541004180908,3.8460323810577393,4.053262710571289,4.2517499923706055,4.494380474090576,4.800638198852539,5.05451774597168,5.094318866729736,4.925555229187012,4.355782508850098,3.3288395404815674,2.5700018405914307,1.9132721424102783,1.2143138647079468,1.0278011560440063,0.8374583125114441,0.4435619115829468,0.21411949396133423,0.1353757232427597,0.1512795090675354,-0.006682237610220909,0.021261239424347878,0.22455112636089325,0.21777315437793732,0.0,0.0,0.0,0.0,0.0,0.0,0.0,0.0
-1.4922213554382324,-0.19383570551872253,1.1102004051208496,2.3085947036743164,3.1681692600250244,3.7546448707580566,4.207450866699219,4.624566078186035,5.045198440551758,5.409232139587402,5.671228408813477,5.837273597717285,5.945439338684082,6.037649154663086,6.129413604736328,6.2212371826171875,6.3069939613342285,6.398989677429199,6.449922561645508,6.286185264587402,5.82745361328125,4.890708923339844,3.501988649368286,2.5003983974456787,1.7274088859558105,0.7604035139083862,0.20686867833137512,-0.040841758251190186,-0.15770331025123596,0.1390002965927124,0.2275279313325882,0.12389583885669708,0.16988781094551086,0.0735003799200058,0.05910272151231766,0.20530961453914642,0.0,0.0,0.0,0.0,0.0,0.0,0.0,0.0
-0.7606262564659119,0.5258097052574158,1.6657792329788208,2.5685598850250244,3.1537604331970215,3.540585517883301,3.873631000518799,4.251769065856934,4.723510265350342,5.290802001953125,5.888851165771484,6.412257194519043,6.819541931152344,7.095995903015137,7.26973295211792,7.3327250480651855,7.226122856140137,6.947869777679443,6.557139873504639,5.9990925788879395,5.17063045501709,3.9119014739990234,2.507021188735962,1.681567907333374,0.9875944256782532,-0.009187744930386543,-0.7276611328125,-0.8884627223014832,-0.5737720727920532,-0.09874865412712097,0.11948463320732117,0.29227215051651,0.496453195810318,0.40912508964538574,0.3370872735977173,0.5171803832054138,0.0,0.0,0.0,0.0,0.0,0.0,0.0,0.0
-0.875739336013794,0.12406013160943985,0.9887706637382507,1.6221619844436646,1.9609425067901611,2.0485000610351562,2.047377586364746,2.0083320140838623,1.9646313190460205,1.977552890777588,2.079223394393921,2.29358172416687,2.556119918823242,2.823478937149048,3.1132819652557373,3.388030767440796,3.5680601596832275,3.6117944717407227,3.5127668380737305,3.1770753860473633,2.5353121757507324,1.732949137687683,1.1094436645507812,0.8583142757415771,0.20272758603096008,-0.9934317469596863,-1.7751587629318237,-1.7326204776763916,-0.9007440805435181,-0.2511107623577118,0.010512329638004303,0.36584821343421936,0.7233784198760986,0.7567334175109863,0.6297160387039185,0.680978536605835,0.7101669907569885,0.0,0.0,0.0,0.0,0.0,0.0,0.0
-1.858370304107666,-1.2637302875518799,-0.6537204384803772,-0.2222585529088974,-0.00913929846137762,-0.07134773582220078,-0.2852417826652527,-0.5281178951263428,-0.7406240105628967,-0.7272949814796448,-0.5069061517715454,-0.23237290978431702,0.023528799414634705,0.2495233565568924,0.5015239715576172,0.7074823975563049,0.8665337562561035,0.9960340857505798,0.9749164581298828,0.7955065965652466,0.5597200989723206,0.2604864239692688,0.1036282330751419,-0.03462206944823265,-0.9434500932693481,-2.274308919906616,-2.961571455001831,-2.429931879043579,-0.9975645542144775,-0.05444014444947243,0.13866832852363586,0.07296803593635559,0.3336428999900818,0.7645835876464844,0.7832563519477844,0.8004870414733887,0.8648008108139038,0.0,0.0,0.0,0.0,0.0,0.0,0.0
-3.29849910736084,-3.3084213733673096,-3.2897539138793945,-3.2288730144500732,-3.0659689903259277,-2.8768067359924316,-2.6540932655334473,-2.3649959564208984,-2.0769104957580566,-1.8105535507202148,-1.650368571281433,-1.596278190612793,-1.51630699634552,-1.4270727634429932,-1.4086979627609253,-1.4367049932479858,-1.4358752965927124,-1.3876019716262817,-1.300203561782837,-1.1758060455322266,-1.0578384399414062,-0.9731149077415466,-0.7277660369873047,-1.0738874673843384,-2.66605806350708,-4.159449100494385,-4.127339839935303,-2.482541084289551,-0.5782641768455505,0.4305863678455353,0.6525511145591736,0.44202688336372375,0.5242056250572205,0.9115478992462158,1.128727674484253,1.1242353916168213,0.9647672772407532,0.0,0.0,0.0,0.0,0.0,0.0,0.0
-4.185320854187012,-4.863818168640137,-5.646447658538818,-6.283686637878418,-6.614139080047607,-6.5986151695251465,-6.26432466506958,-5.711402416229248,-5.11943244934082,-4.599267482757568,-4.220209121704102,-3.97074031829834,-3.8071136474609375,-3.703148365020752,-3.601870059967041,-3.468630075454712,-3.263448476791382,-2.976682186126709,-2.625964879989624,-2.2313687801361084,-1.8466057777404785,-1.623734712600708,-2.0074222087860107,-3.668440580368042,-5.5669097900390625,-5.704323768615723,-3.888300895690918,-1.5388574600219727,-0.2888501286506653,-0.07481872290372849,0.07827858626842499,0.3280050754547119,-0.10130541026592255,-0.3153059482574463,0.42804062366485596,0.7630825638771057,0.5389342904090881,0.0,0.0,0.0,0.0,0.0,0.0,0.0
-4.377647876739502,-5.153687477111816,-6.120925426483154,-7.173622131347656,-8.108317375183105,-8.780437469482422,-9.111259460449219,-9.115922927856445,-8.850678443908691,-8.354717254638672,-7.696804523468018,-6.968417167663574,-6.261239051818848,-5.620556831359863,-5.040950775146484,-4.525115489959717,-4.0529680252075195,-3.610175609588623,-3.216618061065674,-2.9351794719696045,-2.972710609436035,-3.658958911895752,-5.230700969696045,-6.8598456382751465,-6.873602867126465,-5.019643783569336,-2.8488481044769287,-2.041147232055664,-2.3449020385742188,-2.4476478099823,-2.0463976860046387,-1.2531187534332275,-0.17087343335151672,0.2544599175453186,0.04427924379706383,0.09410235285758972,0.3021567761898041,0.34904611110687256,0.0,0.0,0.0,0.0,0.0,0.0
-5.325970649719238,-5.832543849945068,-6.416952133178711,-7.055239200592041,-7.688498497009277,-8.27927303314209,-8.812071800231934,-9.274808883666992,-9.6306734085083,-9.853177070617676,-9.895574569702148,-9.733776092529297,-9.384795188903809,-8.870781898498535,-8.211216926574707,-7.447497844696045,-6.649548530578613,-5.906247138977051,-5.335850715637207,-5.10445499420166,-5.4461236000061035,-6.4152374267578125,-7.429232597351074,-7.325563907623291,-5.660449981689453,-3.5394930839538574,-2.5626206398010254,-2.8924598693847656,-3.3689820766448975,-3.6640334129333496,-3.7597084045410156,-3.325201988220215,-1.8880469799041748,0.04033198580145836,0.7336710691452026,0.8302865028381348,0.583385169506073,-0.27422842383384705,0.0,0.0,0.0,0.0,0.0,0.0
