data/netcdf/wind.json
{"header": { "parameterNumberName":"northward_wind", "parameterUnit":"m.s-1", "parameterNumber":3, "parameterCategory":2, "nx":48, "ny":49, "numberPoints":2352, "dx":0.08333344012498856, "dy":0.0833333358168602, "la1":-29.0, "lo1":112.00001525878906, "la2":-33.0, "lo2":115.91668701171875 }, "data":
[rows 20 to 39 of 49, columns 0 to 43 of 48]
1.0871264934539795,1.4370183944702148,1.727919578552246,1.9195557832717896,2.0411629676818848,2.106752395629883,2.1437344551086426,2.156831979751587,2.1147327423095703,2.0540361404418945,1.9784660339355469,1.8922836780548096,1.7888509035110474,1.6551191806793213,1.490464687347412,1.2805695533752441,0.9253554344177246,0.3100462853908539,-0.6830852627754211,-2.1640398502349854,-4.228901386260986,-6.403002738952637,-7.5597944259643555,-7.012931823730469,-5.148623466491699,-3.1748578548431396,-2.5176706314086914,-2.579714775085449,-1.591495156288147,-0.029847435653209686,1.2861357927322388,2.480419635772705,3.320250988006592,1.462536096572876,-1.9745224714279175,-1.2241812944412231,0.5398048758506775,-0.276784211397171,0.0,0.0,0.0,0.0,0.0,0.0
0.0805075392127037,0.5588424205780029,1.0558537244796753,1.5344737768173218,1.9975144863128662,2.4313998222351074,2.7971835136413574,3.0828943252563477,3.24603533744812,3.208411693572998,2.963344097137451,2.5567057132720947,2.037313461303711,1.4739704132080078,0.9854400157928467,0.7708898186683655,0.7948118448257446,0.49310073256492615,-0.5049267411231995,-2.371974468231201,-4.672008037567139,-6.494400501251221,-6.944635391235352,-5.8065948486328125,-3.7939748764038086,-2.3080544471740723,-1.9473646879196167,-1.9675062894821167,-1.0916194915771484,-0.049253083765506744,0.5352238416671753,0.6328262090682983,0.9429672360420227,2.2317519187927246,0.580141007900238,-0.01114599872380495,1.5903855562210083,1.8880424499511719,1.3910942077636719,0.0,0.0,0.0,0.0,0.0
-0.5883780717849731,-0.17291635274887085,0.2510184645652771,0.7239041328430176,1.2398176193237305,1.8132319450378418,2.436277389526367,3.0793819427490234,3.7247629165649414,4.270863056182861,4.620959281921387,4.749850273132324,4.6317596435546875,4.164727210998535,3.1234750747680664,1.5294513702392578,-0.1295141726732254,-1.2362816333770752,-1.6308523416519165,-2.41276478767395,-3.9446187019348145,-5.242403030395508,-5.586772441864014,-4.608520030975342,-3.0370469093322754,-1.8862940073013306,-1.2138468027114868,-0.8004910945892334,-0.2524756193161011,0.2882351875305176,0.5019404292106628,0.012656581588089466,-0.4427635073661804,0.005773034878075123,0.7818655967712402,1.223048448562622,1.7784781455993652,2.5119054317474365,1.2719342708587646,0.0,0.0,0.0,0.0,0.0
-1.0959738492965698,-0.7469651103019714,-0.36898061633110046,0.02874494343996048,0.45873403549194336,0.9090328216552734,1.3979917764663696,1.9334890842437744,2.5524237155914307,3.2609987258911133,4.081480026245117,4.980569362640381,5.886682987213135,6.607976913452148,6.8800153732299805,6.23841667175293,4.316722393035889,1.194713830947876,-2.225287437438965,-3.9536726474761963,-4.081833839416504,-4.242739200592041,-4.358107089996338,-3.7457501888275146,-2.6495747566223145,-1.4645109176635742,-0.5186557173728943,0.26502853631973267,0.8659219145774841,1.2007899284362793,0.9927603006362915,0.3460964262485504,-1.2189085483551025,-1.9408775568008423,-1.2335928678512573,0.6858773231506348,1.5194367170333862,1.7749232053756714,1.803061842918396,1.0642971992492676,0.0,0.0,0.0,0.0
-1.5446491241455078,-1.0930988788604736,-0.6630309820175171,-0.23116153478622437,0.23633411526679993,0.7417222261428833,1.232578992843628,1.7084519863128662,2.1808464527130127,2.6602509021759033,3.1752591133117676,3.776293992996216,4.540635108947754,5.525571823120117,6.714210510253906,7.884092807769775,8.33348560333252,7.161694049835205,3.8173065185546875,-1.0185530185699463,-4.174201011657715,-4.689265727996826,-4.155177116394043,-3.248518943786621,-2.117623805999756,-0.7859876155853271,0.4787006378173828,1.3303821086883545,1.725184679031372,1.5764094591140747,1.1220550537109375,0.15455923974514008,-1.2549329996109009,-3.4221534729003906,-3.9714314937591553,-2.1165993213653564,-0.5668651461601257,-0.027089018374681473,0.35485416650772095,0.6541759371757507,0.3458119034767151,0.0,0.0,0.0
-2.0573232173919678,-1.586042881011963,-1.0876425504684448,-0.5364219546318054,0.04265507683157921,0.6208701729774475,1.1820869445800781,1.7168997526168823,2.233617067337036,2.706089496612549,3.189356803894043,3.687450647354126,4.2614359855651855,4.938271999359131,5.780277729034424,6.87252950668335,8.160289764404297,9.23536491394043,8.920022964477539,6.31279182434082,1.8749713897705078,-1.572383165359497,-2.9092559814453125,-2.088906764984131,-0.7022667527198792,0.48933643102645874,1.1959012746810913,1.4645941257476807,1.6501929759979248,1.415520191192627,1.1258269548416138,0.1931254267692566,-1.255713701248169,-3.7164034843444824,-5.950166702270508,-4.899306774139404,-2.8371529579162598,-1.6454827785491943,-1.2819221019744873,-0.2616277039051056,-0.2542928159236908,0.0,0.0,0.0
-2.8251447677612305,-2.362187385559082,-1.8006784915924072,-1.1380218267440796,-0.4356720447540283,0.2537730634212494,0.9395006895065308,1.5902464389801025,2.2109808921813965,2.7685279846191406,3.259610891342163,3.6795296669006348,4.108458042144775,4.609412670135498,5.335255146026611,6.367185592651367,7.6465935707092285,9.080099105834961,10.056248664855957,9.207554817199707,6.184548377990723,3.5006988048553467,0.12342704832553864,-0.6321699619293213,0.08980168402194977,0.8180802464485168,1.6914668083190918,2.2577500343322754,2.456965684890747,1.6472139358520508,1.3511922359466553,0.3039919137954712,-1.2933614253997803,-3.422412633895874,-6.856744289398193,-7.231982231140137,-5.020434856414795,-2.5106611251831055,-2.0385589599609375,-1.3491137027740479,-0.5115876197814941,-0.6042895317077637,0.0,0.0
-3.560886859893799,-3.088257074356079,-2.4666855335235596,-1.7260665893554688,-0.9332370758056641,-0.14386862516403198,0.6661330461502075,1.4463626146316528,2.172492265701294,2.8222177028656006,3.38814377784729,3.834333896636963,4.171505451202393,4.485115051269531,4.9191765785217285,5.712824821472168,7.001890182495117,8.721423149108887,10.568056106567383,11.317234992980957,8.62695598602295,5.02008056640625,3.046462297439575,-0.8609287738800049,0.23025032877922058,1.2507920265197754,2.1791181564331055,2.53639817237854,2.719379425048828,2.046964406967163,1.3624166250228882,0.4070096015930176,-1.5646065473556519,-2.2994933128356934,-6.756253719329834,-8.895885467529297,-6.548030853271484,-2.966010570526123,-2.202363967895508,-1.7698049545288086,-0.9380823969841003,-0.7742090225219727,0.0,0.0
-4.071308135986328,-3.6712141036987305,-3.053636312484741,-2.2900123596191406,-1.4747951030731201,-0.6655449867248535,0.18136873841285706,1.0554673671722412,1.902466058731079,2.671251058578491,3.3688535690307617,3.8859665393829346,4.234861373901367,4.465207576751709,4.741275787353516,5.248410224914551,6.308276176452637,7.991666793823242,10.128029823303223,12.223958015441895,11.902832984924316,7.4183149337768555,3.304959297180176,0.1409018337726593,0.9850262403488159,2.0244956016540527,2.7058932781219482,2.890817880630493,2.807985305786133,2.2406604290008545,1.3072359561920166,0.208642840385437,-1.7647038698196411,-2.1344075202941895,-6.36305570602417,-9.604755401611328,-7.572046279907227,-3.217773914337158,-2.168966293334961,-1.7916213274002075,-1.4425073862075806,-0.8011300563812256,-0.8101578950881958,0.0
-4.386882305145264,-3.9953503608703613,-3.464888334274292,-2.7654008865356445,-1.9287675619125366,-1.0701119899749756,-0.22987225651741028,0.5443884134292603,1.2932918071746826,2.179971694946289,3.003199338912964,3.7163257598876953,4.16487979888916,4.3409576416015625,4.516897201538086,4.891974449157715,5.762561798095703,7.364999771118164,9.535111427307129,12.130278587341309,13.544954299926758,10.215627670288086,4.673723220825195,2.1426191329956055,2.3566677570343018,2.9555752277374268,3.4664857387542725,3.4378538131713867,3.0153307914733887,2.1587753295898438,1.2839311361312866,0.04411159083247185,-1.9797072410583496,-3.093109130859375,-5.909239768981934,-9.12917709350586,-8.572586059570312,-3.7804555892944336,-1.8513058423995972,-1.8051183223724365,-1.1903517246246338,-0.761110782623291,-0.8703696131706238,0.0
-4.819232940673828,-4.3359527587890625,-3.7794530391693115,-3.1272923946380615,-2.3578240871429443,-1.5275952816009521,-0.6977391839027405,0.09738391637802124,0.8567678928375244,1.6054308414459229,2.396162986755371,3.1431069374084473,3.7208924293518066,3.977464199066162,4.175032138824463,4.52267599105835,5.355077266693115,6.906247615814209,9.004069328308105,11.589031219482422,14.040699005126953,12.56706714630127,6.141572952270508,3.075913429260254,3.6371395587921143,3.9464945793151855,4.386805057525635,4.023283004760742,3.100785732269287,1.8368970155715942,0.7761576771736145,-0.3837328553199768,-2.2677528858184814,-4.083597183227539,-5.62147855758667,-8.026427268981934,-8.903175354003906,-3.8749372959136963,-1.5704121589660645,-1.856687068939209,-1.5640193223953247,-0.9616761207580566,-0.8476576209068298,-0.8138940334320068
-4.829434394836426,-4.526169300079346,-4.089728355407715,-3.5298829078674316,-2.8355894088745117,-2.0673999786376953,-1.283728003501892,-0.5343760848045349,0.16877210140228271,0.8424902558326721,1.5346671342849731,2.227792263031006,2.810986042022705,3.227022647857666,3.5745790004730225,4.0118937492370605,4.815486907958984,6.405374526977539,8.497221946716309,11.016016960144043,13.917984008789062,13.724143981933594,6.971545696258545,3.4614882469177246,4.721446990966797,5.2655487060546875,5.425312519073486,4.557441234588623,2.823244094848633,1.2684518098831177,0.017732981592416763,-1.183802843093872,-2.8816282749176025,-4.512304306030273,-5.3648223876953125,-7.296778678894043,-8.651468276977539,-3.6867809295654297,-1.2469128370285034,-1.3229670524597168,-1.4895844459533691,-1.1557657718658447,-0.9791004061698914,-0.7225293517112732
-4.50484561920166,-4.327392101287842,-4.036059856414795,-3.6411032676696777,-3.1543049812316895,-2.591310501098633,-1.9706835746765137,-1.338915228843689,-0.7212013006210327,-0.10133110731840134,0.5340816378593445,1.1461796760559082,1.697098731994629,2.1706364154815674,2.682568073272705,3.3218326568603516,4.291134834289551,5.907952785491943,8.018294334411621,10.394515037536621,13.409747123718262,13.997396469116211,7.472058296203613,4.509718894958496,6.242692947387695,6.477250099182129,5.935039043426514,4.47464656829834,2.1994481086730957,0.7012728452682495,-0.6002042293548584,-1.7415258884429932,-3.5887694358825684,-4.711447238922119,-5.58718729019165,-7.883482456207275,-8.561262130737305,-2.929525375366211,-0.369734525680542,-0.45517000555992126,-1.4407246112823486,-1.436071515083313,-0.9853841066360474,-0.9087862968444824
-4.5762481689453125,-4.299643516540527,-3.981959342956543,-3.6128056049346924,-3.2039740085601807,-2.7694013118743896,-2.3152873516082764,-1.8483338356018066,-1.394492506980896,-0.9584936499595642,-0.4920918941497803,-0.0243820920586586,0.47639334201812744,1.0303106307983398,1.6854666471481323,2.5309958457946777,3.734710454940796,5.431670188903809,7.471950531005859,9.721640586853027,12.732771873474121,13.49779224395752,7.292487621307373,5.633926868438721,7.5028462409973145,7.084972858428955,5.729405403137207,3.795976400375366,1.6864824295043945,0.597592830657959,-0.8917213082313538,-2.0896623134613037,-3.8683695793151855,-4.312408924102783,-6.356483459472656,-9.436236381530762,-7.787543296813965,-2.2224578857421875,-0.3686988353729248,0.47698286175727844,-0.6968216896057129,-1.849212646484375,-1.291271448135376,-1.3125455379486084
-5.363597869873047,-4.926762104034424,-4.482816219329834,-4.030816078186035,-3.573819160461426,-3.1308820247650146,-2.7139732837677,-2.3450095653533936,-2.01704478263855,-1.7543278932571411,-1.4616522789001465,-1.1348013877868652,-0.7044631838798523,-0.12363087385892868,0.6569669246673584,1.6672091484069824,3.092569351196289,4.874525547027588,6.772806644439697,8.834675788879395,11.893549919128418,12.491662979125977,6.575016021728516,6.5530104637146,8.161391258239746,7.12147331237793,5.137312412261963,3.296712875366211,1.7975801229476929,0.44525715708732605,-1.4641363620758057,-2.572171211242676,-3.841493606567383,-4.239477634429932,-8.083351135253906,-9.82416820526123,-5.624587535858154,-1.5720151662826538,-0.08470436930656433,1.283689022064209,0.7414547204971313,-1.8319569826126099,-1.4753615856170654,-1.470444679260254
-4.9623541831970215,-5.080166816711426,-4.927014350891113,-4.568802833557129,-4.120339393615723,-3.645717144012451,-3.253321647644043,-2.9491214752197266,-2.733952760696411,-2.5922658443450928,-2.480625867843628,-2.316070079803467,-1.9904499053955078,-1.4360942840576172,-0.5767396688461304,0.6178010702133179,2.211005926132202,4.0602521896362305,5.827327728271484,7.769547462463379,10.869972229003906,11.096494674682617,5.558747291564941,6.774554252624512,8.154343605041504,6.908788681030273,4.56676721572876,3.0061521530151367,1.9218416213989258,1.18124520778656,-0.37608322501182556,-1.754023551940918,-3.301093101501465,-5.452271461486816,-9.200753211975098,-8.50770378112793,-4.021450042724609,-0.9532219171524048,-0.007985188625752926,0.8155736327171326,-0.3510552644729614,-1.8050649166107178,-1.8105597496032715,-0.9743303656578064
-1.7598158121109009,-2.2498393058776855,-2.569094181060791,-2.744123697280884,-2.826184034347534,-2.8721537590026855,-2.910773277282715,-3.0521445274353027,-3.2563602924346924,-3.545442581176758,-3.7465474605560303,-3.758111000061035,-3.4999661445617676,-2.944014310836792,-2.0306994915008545,-0.7482432126998901,0.8985208868980408,2.7644271850585938,4.472419261932373,6.419188976287842,9.673269271850586,9.462814331054688,4.293455123901367,6.252822399139404,7.482974052429199,6.403098106384277,3.9586410522460938,2.2034244537353516,1.0677080154418945,0.16451896727085114,-0.9875375628471375,-2.2741363048553467,-4.246356010437012,-7.1194610595703125,-8.762015342712402,-6.264372825622559,-2.1841137409210205,-0.435395210981369,-0.27229321002960205,0.3654545843601227,-0.04190593585371971,1.0016746520996094,-1.2994310855865479,-0.7153087258338928
-0.7844356298446655,-0.8751599788665771,-0.8698017001152039,-0.8309363126754761,-0.8131939768791199,-0.8644021153450012,-1.0168482065200806,-1.3216772079467773,-1.8569214344024658,-2.58737850189209,-3.4025142192840576,-4.1160054206848145,-4.512858867645264,-4.420132160186768,-3.735048532485962,-2.5134036540985107,-0.8507713079452515,0.9724481105804443,2.726931095123291,4.872762680053711,8.259712219238281,7.499347686767578,2.6346912384033203,4.748232841491699,5.842654705047607,5.019035339355469,3.0640406608581543,1.5647107362747192,0.8690785765647888,0.01659758761525154,-1.1457635164260864,-2.837155818939209,-5.063576698303223,-6.922953128814697,-6.538166046142578,-3.3321423530578613,-0.2119346559047699,0.733177661895752,0.08595258742570877,0.08522801846265793,0.26636505126953125,-0.6747559309005737,-1.2337031364440918,-0.6263247132301331
-0.6950011849403381,-0.8629047870635986,-0.9323888421058655,-0.9185966849327087,-0.8731493353843689,-0.7802631855010986,-0.7659831643104553,-0.8629370927810669,-1.3030864000320435,-2.12686824798584,-3.1438395977020264,-4.107381343841553,-4.826931953430176,-5.1001434326171875,-4.752201557159424,-3.82747220993042,-2.389354944229126,-0.7133296728134155,1.0522730350494385,3.5373449325561523,6.739895343780518,5.785594940185547,0.5365136861801147,2.2679500579833984,3.1670093536376953,2.614107131958008,1.3648676872253418,0.3729429244995117,-0.01669653318822384,-0.31168243288993835,-1.0417046546936035,-2.316251277923584,-3.6986966133117676,-4.348733425140381,-3.197667360305786,-0.844458818435669,0.5958296060562134,1.5919207334518433,0.27105650305747986,-0.3935015797615051,0.75385582447052,-0.532695472240448,-1.3272292613983154,-0.8912256360054016
-0.6877052783966064,-0.8728671669960022,-0.8990278244018555,-0.8166345953941345,-0.7231943607330322,-0.601017951965332,-0.5597554445266724,-0.6583306193351746,-1.0059208869934082,-1.7539989948272705,-2.9578990936279297,-4.201031684875488,-5.13063383102417,-5.586544990539551,-5.437502384185791,-4.737951755523682,-3.5238349437713623,-1.9642847776412964,-0.2157391607761383,2.5522828102111816,5.346642017364502,4.944037914276123,-1.6864718198776245,-0.7476412057876587,0.13209959864616394,0.09487471729516983,-0.44172927737236023,-0.847459077835083,-0.955592930316925,-0.8162062168121338,-0.6539081335067749,-0.6974700093269348,-0.702180802822113,-0.7291424870491028,-1.1397101879119873,-1.1600756645202637,0.04125390201807022,1.2754119634628296,1.3381693363189697,-0.30702072381973267,0.0926075205206871,0.55850750207901,0.04088429734110832,-0.3442895710468292
