data/netcdf/wind.json
{"header": { "parameterNumberName":"northward_wind", "parameterUnit":"m.s-1", "parameterNumber":3, "parameterCategory":2, "nx":48, "ny":49, "numberPoints":2352, "dx":0.08333344012498856, "dy":0.0833333358168602, "la1":-29.0, "lo1":112.00001525878906, "la2":-33.0, "lo2":115.91668701171875 }, "data":
[rows 0 to 19 of 49, columns 0 to 43 of 48]
3.1886463165283203,3.1100962162017822,3.011488437652588,2.8513123989105225,2.6525278091430664,2.384636640548706,2.1027960777282715,1.8743723630905151,1.6492159366607666,1.6328001022338867,1.8347163200378418,1.0158871412277222,0.0020644664764404297,0.0696374699473381,1.078548789024353,2.2146027088165283,3.3002851009368896,3.355414867401123,1.2988367080688477,-5.8459320068359375,-7.2589263916015625,-5.281412124633789,-1.8135052919387817,0.2389257401227951,0.31288981437683105,0.5337643623352051,-0.046268656849861145,-0.5897654891014099,-0.8648669719696045,-0.7803755402565002,-0.7007280588150024,-0.8643767833709717,-0.540142297744751,-0.3496699035167694,0.0,0.0,0.0,0.0,0.0,0.0,0.0,0.0,0.0,0.0
3.0418663024902344,3.0340704917907715,2.9502272605895996,2.735440731048584,2.430821418762207,2.059520721435547,1.6765098571777344,1.394747257232666,1.1626899242401123,1.0553796291351318,1.2831043004989624,1.0066704750061035,-0.3091180622577667,-0.8593824505805969,0.0964900478720665,1.2593506574630737,2.2662899494171143,2.912142515182495,3.628805160522461,0.1546667367219925,-5.634024143218994,-6.71685266494751,-4.700873374938965,-1.8114490509033203,-0.20202608406543732,0.6666914224624634,0.07419844716787338,-0.48661744594573975,-0.6422384977340698,-0.5896599888801575,-0.6204367876052856,-0.8819715976715088,-0.4187855124473572,-0.43568119406700134,-0.431922048330307,0.0,0.0,0.0,0.0,0.0,0.0,0.0,0.0,0.0
2.9677248001098633,2.9878768920898438,2.865145683288574,2.5890016555786133,2.207195997238159,1.7762291431427002,1.326965093612671,0.984610378742218,0.7418925166130066,0.5521622896194458,0.6834744811058044,0.8100064992904663,-0.2487972229719162,-1.3208956718444824,-0.8717343211174011,0.24221253395080566,1.381366491317749,2.176534652709961,2.603428602218628,3.193051815032959,-0.3489828109741211,-5.393091201782227,-6.281551361083984,-4.49658727645874,-1.8564720153808594,-0.018422136083245277,0.8244813680648804,-0.07384796440601349,-0.2374606430530548,-0.4253711998462677,-0.6430532932281494,-0.784701943397522,-0.6101169586181641,-0.4647814929485321,-0.35819128155708313,0.0,0.0,0.0,0.0,0.0,0.0,0.0,0.0,0.0
3.036092519760132,2.9753339290618896,2.771578073501587,2.417858600616455,1.990591049194336,1.5567654371261597,1.068367838859558,0.656096875667572,0.3893919587135315,0.14516077935695648,0.14947979152202606,0.3868039846420288,-0.07559757679700851,-1.3389896154403687,-1.5653181076049805,-0.7555993795394897,0.43665820360183716,1.5946757793426514,2.288818120956421,2.9613771438598633,3.117210626602173,-1.1841950416564941,-5.603627681732178,-6.291530609130859,-4.371518135070801,-1.8765220642089844,-0.09103012084960938,0.6894740462303162,0.11400814354419708,-0.3102072775363922,-0.53262859582901,-0.633184552192688,-0.6686970591545105,-0.5440176129341125,-0.35737988352775574,-0.23913955688476562,0.0,0.0,0.0,0.0,0.0,0.0,0.0,0.0
3.0669045448303223,2.9205517768859863,2.683868169784546,2.324054479598999,1.894300937652588,1.4395546913146973,0.925052285194397,0.41891711950302124,0.0716845840215683,-0.1983232945203781,-0.2860419452190399,-0.056527309119701385,-0.054566074162721634,-1.1394256353378296,-1.906116247177124,-1.5724685192108154,-0.5674799680709839,0.6272373199462891,1.5321588516235352,2.3753387928009033,2.5650267601013184,3.712437152862549,-3.2608213424682617,-6.729002475738525,-6.472369194030762,-3.748061418533325,-1.229319453239441,0.0050806570798158646,0.032009199261665344,-0.31529510021209717,-0.4749423861503601,-0.5477472543716431,-0.6310778260231018,-0.6315644979476929,-0.0943993404507637,-0.11757278442382812,0.0,0.0,0.0,0.0,0.0,0.0,0.0,0.0
3.087373971939087,3.0132672786712646,2.8312172889709473,2.520677089691162,2.072730541229248,1.4625452756881714,0.761439323425293,0.0912231057882309,-0.38144752383232117,-0.6310896873474121,-0.717005729675293,-0.5039312243461609,-0.24984151124954224,-0.8259519934654236,-1.7680412530899048,-1.97129487991333,-1.3193111419677734,-0.32071027159690857,0.7908493280410767,1.8386543989181519,2.2585856914520264,2.012958526611328,2.970806121826172,-5.265278339385986,-7.6630048751831055,-6.224828720092773,-3.19215989112854,-0.8782620429992676,0.16068729758262634,-0.20997196435928345,-0.47324424982070923,-0.5088449716567993,-0.5595412254333496,-0.4669561982154846,-0.15292224287986755,-0.1481667160987854,0.0,0.0,0.0,0.0,0.0,0.0,0.0,0.0
3.3720037937164307,3.638901472091675,3.5957813262939453,3.0832862854003906,2.3373124599456787,1.4483282566070557,0.45675092935562134,-0.44430285692214966,-1.0346628427505493,-1.2811601161956787,-1.2947452068328857,-1.0478144884109497,-0.6997348070144653,-0.7937889695167542,-1.5717494487762451,-2.1604650020599365,-1.9854836463928223,-1.1992396116256714,-0.052040327340364456,1.0996804237365723,2.0565030574798584,1.7380032539367676,2.5197367668151855,-0.720356822013855,-6.498006820678711,-7.551057815551758,-5.171167850494385,-2.443981885910034,-0.40719348192214966,-0.3125065863132477,-0.43794524669647217,-0.4196189343929291,-0.4123520255088806,-0.11858302354812622,-0.38357895612716675,-0.2647930085659027,0.0,0.0,0.0,0.0,0.0,0.0,0.0,0.0
4.058887004852295,4.492836952209473,4.118381500244141,3.068268060684204,2.1207759380340576,1.099709153175354,0.016258124262094498,-0.9559015035629272,-1.5944056510925293,-1.8466789722442627,-1.8383746147155762,-1.5722872018814087,-1.1875269412994385,-1.0284538269042969,-1.4787245988845825,-2.161125898361206,-2.3077292442321777,-1.7747838497161865,-0.7523051500320435,0.5022021532058716,1.6984046697616577,1.8174755573272705,1.4360074996948242,2.335402011871338,-4.016798496246338,-7.522120952606201,-6.891481876373291,-4.073738098144531,-1.588546633720398,-0.598629891872406,-0.35691773891448975,-0.33470386266708374,-0.42136263847351074,-0.08139394968748093,-0.31247949600219727,-0.24827338755130768,0.0,0.0,0.0,0.0,0.0,0.0,0.0,0.0
4.383145809173584,4.077484130859375,2.660181999206543,1.9255704879760742,2.110302448272705,1.2141292095184326,-0.23755468428134918,-1.298539638519287,-1.8488472700119019,-2.039841651916504,-1.988203763961792,-1.7896701097488403,-1.5826895236968994,-1.477297306060791,-1.673728108406067,-2.1708459854125977,-2.406345844268799,-2.048999309539795,-1.206389307975769,0.013130874373018742,1.3613437414169312,1.8670469522476196,1.1447216272354126,1.4669750928878784,-1.1141750812530518,-6.2555084228515625,-7.649704933166504,-5.640266418457031,-2.8426673412323,-1.0050638914108276,-0.25996336340904236,-0.3479495942592621,-0.5574434399604797,-0.1004372090101242,-0.24368014931678772,-0.1401480734348297,0.0,0.0,0.0,0.0,0.0,0.0,0.0,0.0
3.0338001251220703,1.5293917655944824,0.8837305307388306,2.1828296184539795,3.118177890777588,2.5045666694641113,1.1095292568206787,-0.645971417427063,-1.6949552297592163,-1.9968736171722412,-1.8974263668060303,-1.7411373853683472,-1.7541919946670532,-1.8385850191116333,-1.915992259979248,-2.1305270195007324,-2.2355189323425293,-1.9854912757873535,-1.2840044498443604,-0.225742906332016,1.000603199005127,1.7764272689819336,1.0157685279846191,0.7803666591644287,0.25652578473091125,-4.919186592102051,-7.736239910125732,-6.805309772491455,-3.651252031326294,-1.2315123081207275,-0.31352198123931885,-0.24113915860652924,-1.0557788610458374,-1.0317672491073608,-0.389497846364975,-0.15106728672981262,0.0,0.0,0.0,0.0,0.0,0.0,0.0,0.0
0.8470764756202698,0.037097230553627014,1.067292332649231,2.337704658508301,3.232739210128784,3.3722589015960693,2.6318063735961914,1.5854032039642334,0.15233194828033447,-0.8959812521934509,-1.4301191568374634,-1.6214007139205933,-1.7180724143981934,-1.8840155601501465,-2.0535531044006348,-2.1612792015075684,-2.0850131511688232,-1.7524032592773438,-1.0979887247085571,-0.23918670415878296,0.7570927739143372,1.4192308187484741,0.7399359941482544,-0.02888518199324608,-0.14083625376224518,-4.40368127822876,-7.7855963706970215,-7.559451580047607,-4.578227996826172,-1.2830841541290283,-0.42138010263442993,-0.20044606924057007,0.39516180753707886,-1.5021781921386719,-0.6168493032455444,-0.18632078170776367,0.0,0.0,0.0,0.0,0.0,0.0,0.0,0.0
0.5436979532241821,1.3247663974761963,2.113548517227173,2.537061929702759,2.8387999534606934,2.7606680393218994,2.2193989753723145,1.56802237033844,0.8935099840164185,0.10323077440261841,-0.6843937039375305,-1.2205970287322998,-1.4692528247833252,-1.629636287689209,-1.7736166715621948,-1.889819860458374,-1.851352572441101,-1.5532710552215576,-0.9573194980621338,-0.29040980339050293,0.41209083795547485,0.8747761845588684,0.22023457288742065,-0.7619268298149109,-0.7285889983177185,-4.310286521911621,-7.987533092498779,-8.014455795288086,-5.247376441955566,-2.046896457672119,-0.1457201987504959,-0.5793459415435791,-0.4073124825954437,-0.5503995418548584,-0.5803307294845581,-0.21857453882694244,0.0,0.0,0.0,0.0,0.0,0.0,0.0,0.0
2.2294154167175293,2.7345423698425293,3.174783229827881,3.384113073348999,3.1409788131713867,2.4942431449890137,1.648277759552002,0.8215553164482117,-0.02358582243323326,-0.5570042133331299,-0.8551105260848999,-1.1007674932479858,-1.3378782272338867,-1.4858498573303223,-1.5264840126037598,-1.50361168384552,-1.4495558738708496,-1.3049671649932861,-0.8910221457481384,-0.5083327293395996,-0.11500506848096848,0.08524849265813828,-0.6711480617523193,-1.4465534687042236,-1.4465045928955078,-4.661898612976074,-8.27389144897461,-8.285571098327637,-5.539765357971191,-2.1680095195770264,-0.12918022274971008,-0.5298540592193604,-0.8441999554634094,-0.008635276928544044,-0.785837709903717,-0.17837108671665192,0.0,0.0,0.0,0.0,0.0,0.0,0.0,0.0
2.899473190307617,3.800140857696533,4.231168746948242,4.264076232910156,3.7876381874084473,2.9598803520202637,2.059251070022583,1.2270735502243042,0.5209226012229919,-0.10945460200309753,-0.5617554783821106,-0.9130469560623169,-1.243214726448059,-1.5105810165405273,-1.6558499336242676,-1.6676832437515259,-1.5726077556610107,-1.503659725189209,-1.401881456375122,-1.280930995941162,-1.15621817111969,-1.2410062551498413,-1.990431547164917,-2.3192543983459473,-2.0764830112457275,-5.285824775695801,-8.588537216186523,-8.23165225982666,-5.345682144165039,-1.8265063762664795,-0.5376295447349548,-0.022297009825706482,-1.0276354551315308,-0.3224678635597229,-0.7368521690368652,-0.1155957281589508,0.0,0.0,0.0,0.0,0.0,0.0,0.0,0.0
3.6972603797912598,4.397686958312988,4.891689300537109,4.679236888885498,4.049474239349365,3.07719087600708,2.145169258117676,1.3979339599609375,0.914741039276123,0.4882931411266327,0.1769951581954956,-0.1164943054318428,-0.44274774193763733,-0.7004618048667908,-0.9477574229240417,-1.2897838354110718,-1.5723767280578613,-1.7665879726409912,-1.9188179969787598,-2.0822348594665527,-2.2620060443878174,-2.529101848602295,-3.0891823768615723,-2.9427385330200195,-3.118119716644287,-6.3928070068359375,-8.785122871398926,-7.714446067810059,-4.419466495513916,-1.5057473182678223,-0.39469635486602783,0.7161659598350525,-1.242606520652771,-1.2861007452011108,-0.8134417533874512,0.18975140154361725,0.033262256532907486,0.0,0.0,0.0,0.0,0.0,0.0,0.0
4.051738262176514,4.644651889801025,4.999341011047363,4.605378150939941,3.8576340675354004,2.8199217319488525,1.901982069015503,1.2374498844146729,0.9022718071937561,0.6390435695648193,0.4617002308368683,0.14956074953079224,-0.2505147159099579,-0.5711544752120972,-0.7888659238815308,-1.1401588916778564,-1.537293791770935,-1.8966554403305054,-2.259263038635254,-2.661135196685791,-3.0182948112487793,-3.322640895843506,-3.4878015518188477,-3.147724151611328,-4.419156551361084,-7.610883712768555,-8.637500762939453,-6.372677803039551,-3.0365467071533203,-1.1680891513824463,-0.1469462513923645,0.7271736264228821,-0.01364215463399887,-1.4178144931793213,-1.1005668640136719,-0.17161859571933746,-0.09658671915531158,0.0,0.0,0.0,0.0,0.0,0.0,0.0
4.03809118270874,4.684097766876221,4.900731563568115,4.461347579956055,3.6206154823303223,2.630127429962158,1.7864466905593872,1.2344685792922974,0.8634728193283081,0.6569916009902954,0.4451700448989868,0.15698891878128052,-0.14231069386005402,-0.4392307996749878,-0.6940492987632751,-0.9864687919616699,-1.3228845596313477,-1.7420445680618286,-2.2195498943328857,-2.6919703483581543,-3.0450499057769775,-3.268115520477295,-3.1726953983306885,-3.626868963241577,-6.354977607727051,-8.375615119934082,-7.3816423416137695,-4.381086826324463,-1.559327244758606,-0.4055297374725342,-0.5638186931610107,0.19478851556777954,1.3867406845092773,-2.466179370880127,-1.8033339977264404,-0.9157059192657471,-0.2885983884334564,0.0,0.0,0.0,0.0,0.0,0.0,0.0
3.482642412185669,4.3424506187438965,4.730402946472168,4.564060211181641,3.9112331867218018,3.1294612884521484,2.4039254188537598,1.7989106178283691,1.2628231048583984,0.8756424188613892,0.5382277965545654,0.21131843328475952,-0.12930935621261597,-0.46442025899887085,-0.770953357219696,-1.0798006057739258,-1.3857156038284302,-1.732094168663025,-2.1072373390197754,-2.462618589401245,-2.7238783836364746,-2.909822702407837,-3.3435139656066895,-5.462139129638672,-7.798084735870361,-7.723545074462891,-5.432314395904541,-2.4600746631622314,-0.7247579097747803,-0.13437031209468842,-0.19595466554164886,-0.4037836194038391,1.5200144052505493,0.11376699805259705,-2.307236433029175,-1.4295687675476074,-0.4544258415699005,0.0,0.0,0.0,0.0,0.0,0.0,0.0
2.6034669876098633,3.2472610473632812,3.7882254123687744,4.0087666511535645,3.885100841522217,3.5038223266601562,3.0343985557556152,2.580127477645874,2.1546988487243652,1.6967134475708008,1.2440648078918457,0.7203176021575928,0.268205463886261,-0.18493594229221344,-0.5486862063407898,-0.8825480341911316,-1.178447961807251,-1.4691016674041748,-1.7568573951721191,-2.027561664581299,-2.416290760040283,-3.2255280017852783,-5.128390789031982,-7.321694374084473,-7.910358905792236,-6.306805610656738,-3.6449801921844482,-1.5800282955169678,-0.6457353830337524,0.1222475990653038,0.34822362661361694,-0.20473860204219818,-0.530731737613678,0.04865798354148865,-1.0942891836166382,-1.385828971862793,-0.3933888375759125,-0.3597501516342163,0.0,0.0,0.0,0.0,0.0,0.0
1.8822441101074219,2.2298946380615234,2.515069007873535,2.7291927337646484,2.798719644546509,2.756951093673706,2.649384021759033,2.536738395690918,2.430779218673706,2.255099296569824,2.0123043060302734,1.6749598979949951,1.2699036598205566,0.8424144387245178,0.41546541452407837,0.013956827111542225,-0.37425026297569275,-0.7552620768547058,-1.1967717409133911,-1.7814550399780273,-2.8515625,-4.912250518798828,-7.002900123596191,-7.854928016662598,-6.7798919677734375,-4.4765825271606445,-2.6211891174316406,-2.042781352996826,-1.402105689048767,-0.11433913558721542,1.2510874271392822,2.038997173309326,1.6362417936325073,-1.050193190574646,-0.7776449918746948,-1.2959847450256348,-0.18502353131771088,-0.4889577031135559,0.0,0.0,0.0,0.0,0.0,0.0
